0
0
0
0
0
0
0
0
0
0
0
0
0
0
0
0
0
0
0
0
0
0
0
0
0
0.19
1
1.51
2.66
4.64
6.96
8.86
7.71
7.45
9.22
10
9.08
10.08
11.24
12.79
14
12.58
12.87
13
13
13.68
15
15
13.37
12.08
12.26
14.29
14.56
15.2
16.76
17
17
17.23
18.77
20.54
19.6
18.14
17.98
17
16.34
15
15
15
15.96
12.35
15.28
14.27
12.59
12.25
9.28
8
8
8.38
9.53
10.69
11
9
9
9.32
10
9.36
9
9.95
14.33
17.53
19.42
20
20.74
21
21.11
23.84
27
27
29.05
32.52
31.01
31
31.62
33
32.37
30.43
30
30
30.51
32.41
33
32.27
32
31.04
32.2
33.36
34
34
34
33.01
31.86
30.1
26.17
23.39
21.46
17.28
15.83
13.76
12.6
10.33
8.28
5.38
2.91
0
0
0
0
0
0
0
0
0
0
0
0
0
0
0
0
0
0
0
0
0
0
0
0
0
0
0
0
0
0
0
0
0
0
0
0
0
0
0
0
0
0.51
0.33
0
0
0
0
0
0
0
0
0
0
0
0
0
0
0
0
0
0
0
0
0
0.13
0.71
0
0
0
0
4.15
6
6
6
5.3
4.14
1.96
0
0
0
0
0
0
0
0
0
0
0
0
0
0
0
0
0
0
0
0
0
0.48
1.64
0.41
0
0
0
0
0
0
0
0
0
0
0
0
0
0
0
0
0
0
0
0
0
0
0
0
0
0
0
0
0
0
0
0
0
0
0
0
0
0
0
0
0
0
0
0
0
0
0
0
0
0
0
0
0
0
0
0
0
0
0
0
0
0
0
0
0
0
0.24
0.6
0
1.42
2
3.08
5.63
4
4
3.34
1.37
1
0
0
0
0
0
0
0
0.23
1.39
2
4.11
5
6.02
7.18
7.33
6.49
7
7
7
7
7
7.43
8
8
7.09
11.06
12.89
14.49
11.46
13.08
16.55
16
15.34
12.32
13
13
13
15.86
12
11.73
11
11
11
11.9
12.89
10.36
7.26
4.95
4.68
6.68
8
7.84
7
6.53
7.89
10.57
11
10.1
10.74
10.42
11
12.46
14.77
14.09
16.2
17
17
17
17
15.02
15.71
14
14.92
15.38
15.78
16
16
16.25
17.41
18.56
19
19.88
21
21
21
20.49
20
19.18
19
18.86
18.29
19
19.61
20
20
20
20
20
19.45
20.42
21.87
20.97
20.37
22
22
22.66
23
23.97
25.51
29
29
29
30.51
31
30
30
30
30.54
31
31.86
31
31.17
32.33
33
33
33.8
34
35.12
36
36
34.82
33.25
32.09
32
32
32
32
32
32.85
33.01
34
33.68
32.52
32
32
32.95
33
33
33.42
34
34.74
35
35
35
35
35
35
35.84
37.99
38
37.69
38.41
39.37
39
39
38.1
39
39.41
40.57
41.73
42
41.92
40
40
39.49
37.66
37
36.01
34.86
33.7
32.54
29.54
26.46
22.28
19.91
18.76
17.6
16.44
14.57
13.13
11.97
10.81
9.31
7.5
6.34
4.37
3.03
1.87
0.71
0
0
0
0
0
0
0
0
0
0
0
0
0
0
0
0
0
0
0
0
0
0
0
0
0
0
0
0
0
0
0
0
0
2.36
3.94
5.31
8.26
9.42
11.15
12.73
14.78
16.05
17.41
19.72
21.52
23.35
24.83
25.99
27.15
28.31
29.46
30.62
31.78
32.94
34.18
36.25
37.41
38.56
39.72
40
40
40
40
40
40
40.82
41
41
41.3
42
42
42
42.93
43
43
43
43.56
44.71
45
44.97
44.18
44.66
44
44
44.81
45
45
45
45.44
46
46
46.92
47
47
47
47
47
47
47.04
49
49.33
49.51
49
49
49
49
48.72
48.87
50
50
50
50
49.78
49
49
49.69
50
50
50
49.68
49
49
48.2
48
48
48.27
49
49.58
50
50
50
50
50
50
50
50
50
50
50
50.47
51
51
51
51
51
51.42
52
52
52
52
52.2
53
53
53
53
53
53
53
53
52.38
52
52.93
52.91
52.25
53
53
53
53
53
53
53
53
53
53
53.98
55
55
55
55
55
55
55
55
55
55
55
55
55
55
55
54.5
54.66
55
54.03
54
54
54
54
54
54
54
54
54.77
56
56
56
56.02
57
56.67
56
56
56
56
56
56
56
56
56
56.91
57
57
57
57
57
57.85
58
58
58
58
58
58
58
58
58
57.15
56
56
56
56
56
55.63
55
55
55
55
55
55
55
55
54.22
54
54
54
54
54
54
54
54
54
54
54
54
54
53.01
50.86
49.7
48.54
47.39
46.23
45.07
43.91
42.51
40.6
39.44
38.28
37.13
35.94
33.81
32.66
30.5
28.34
26.37
25.03
21.87
19.85
16.56
15.4
14.24
12.17
10.71
6.08
2.61
1.45
0.3
0
0
0
0
0
0
0
0
0
0
0
0
0
0
0
0
0
0
0
0
0
0
0
0
0
0
0.19
1
1.51
2.66
4.64
6.96
8.86
7.71
7.45
9.22
10
9.08
10.08
11.24
12.79
14
12.58
12.87
13
13
13.68
15
15
13.37
12.03
12.26
14.29
14.56
15.2
16.76
17
17
17.23
18.77
20.54
19.6
18.14
17.98
17
16.34
15
15
15
15.96
12.35
15.28
14.27
12.59
12.25
9.28
8
8
8.38
9.53
10.69
11
9
9
9.32
10
9.36
9
9.95
14.33
17.53
19.42
20
20.74
21
21.11
23.84
27
27
29.05
32.52
31.01
31
31.62
33
32.37
30.43
30
30
30.51
32.41
33
32.27
32
31.04
32.2
33.36
34
34
34
33.01
31.86
30.1
26.17
23.39
21.46
17.28
15.83
13.76
12.6
10.33
8.28
5.38
2.91
0
0
0
0
0
0
0
0
0
0
0
0
0
0
0
0
0
0
0
0
0
0
0
0
0
0
0
0
0
0
0
0
0
0
0
0
0
0
0
0
0
0.51
0.33
0
0
0
0
0
0
0
0
0
0
0
0
0
0
0
0
0
0
0
0
0
0.13
0.71
0
0
0
0
4.15
6
6
6
5.3
4.14
1.96
0
0
0
0
0
0
0
0
0
0
0
0
0
0
0
0
0
0
0
0
0
0.48
1.64
0.41
0
0
0
0
0
0
0
0
0
0
0
0
0
0
0
0
0
0
0
0
0
