368.177289204
0.00153782633381
346.292757292
0.00196466087715
358.236269919
0.00169578689575
351.242800941
0.00184720613734
370.80574139
0.00146055751642
361.683694033
0.00162684160395
387.424173087
0.00129747888032
368.413266574
0.00150203531506
395.804706914
0.00113231453131
358.456591621
0.00169127300471
378.982959788
0.00136643074153
361.336702647
0.00163362099421
414.842778129
0.000977534893668
388.780097807
0.00122128949981
385.679349763
0.0013260899901
389.479972093
0.00121211187807
377.489826653
0.00142802794836
365.449463466
0.00160686461796
357.920310219
0.00172948037416
344.039645928
0.00202542363331
350.670437598
0.00186072305009
345.263372982
0.00199730669166
358.541426975
0.00168953891532
348.807392325
0.00190386619719
345.544491023
0.00199066766166
342.983858606
0.00207864038039
343.43201412
0.002036794981
407.846341238
0.00104846854283
416.866503292
0.000950544173942
408.296815765
0.001043534147
