0
0
0
0
0
0
0.2
0.7
1.1
1.7
6
13.9
20.5
25.7
25
28.4
32.3
34.6
36.5
38.4
39.9
42.2
43.8
44.2
43.4
42.6
40.3
39.2
38.4
38.4
39.2
38.8
38.8
36.5
32.3
27.6
22.3
17.3
11.5
5.8
1.2
0
0
0
0
0
0
0
0
0.8
9.2
14.9
18.2
22.2
27.2
31.4
33.8
37.2
40.8
44
46.3
47.6
49.5
51.2
53
54.4
55.6
56.4
56.1
56.2
55.8
55.1
54.4
54.2
54.4
54.2
53.5
52.3
52
51.9
51.8
51.9
52
52.5
53.4
54.9
56.8
58.8
60.6
62.3
64.2
66.2
67.8
69.4
70.4
70.6
70.7
70.3
68.2
66.5
64.9
63.7
62.5
61
59.3
57.7
56
54.5
52.8
51.2
49.5
48
46.3
44
41.1
38.8
37.7
36.6
35.3
30
24.4
19.8
15.5
10.8
6.3
3.2
2.1
1.2
0
0
0
0
0
0
0
0
2.7
9.2
16.1
22.7
29.2
34.2
38.8
43
45.3
46.8
48
49.5
50.3
51.5
52.2
52.6
53
53.8
53.8
53.8
54.6
56.3
56.9
58.1
58.4
59.6
59.9
60.2
60.5
59.7
58.3
58.1
57.8
57.3
57.5
56.6
57
56.6
56.5
56.2
56.4
56.6
56.4
56.1
56
55.9
54.8
54.2
54.6
52.2
54.7
55.7
57
58
58.1
59.4
59.9
61
61.4
61.9
62.5
62.5
62.7
62.2
62.5
63.1
62.7
62.8
63
64.1
63.9
64.1
64.3
64.5
64.9
65.3
66
66
66.4
64.1
63.6
63.9
64.1
63.7
64.3
64.2
63.9
64.2
63.4
64
63.9
64
63.8
64
63.3
63.4
63.9
64
64.3
64.8
65.1
64
64.2
63.1
63.7
63.1
63.7
63.5
63
63.1
63
63.3
63.4
63.3
62.5
62.5
62.9
62.8
62.2
62.4
62.3
62.3
62.4
62.1
62.5
62.8
62.3
62.3
62.4
61.9
62.8
62.8
62.3
62.8
62.4
62.1
61.9
61.8
62.1
62.1
62.1
62
62.4
62.2
62.2
62.4
62.7
62.6
63.7
64.3
64.8
65.1
65.9
66.1
67
67.2
67.5
68.3
68.3
68.8
69.1
69.4
71.7
72.1
74.9
72.6
72.2
72.2
72
72.5
72.8
72.7
71.8
71.4
71.1
71.1
70.9
71
71
71.2
72.1
72.6
73.6
74.8
75.7
77.3
78.4
79.3
78.2
76
75.6
76.4
77.6
78
79.1
79.5
79.9
79.9
80.3
80.3
79.5
79.5
79.1
78.7
77.6
76.5
74.3
72.6
70.8
67.6
66.4
66.7
66.1
65.9
66.2
66.1
67.1
67.4
68.3
68.3
68.7
68.2
68.1
68
67.1
66.4
66.1
65.7
66
66.4
66
66.3
67
67.5
67.9
68.1
68.5
68.9
68.6
69.4
69.4
69.4
70
70.4
70.6
70.9
70.3
70.6
70.3
69.7
69.9
70.1
69.6
69.3
69.9
69.7
69.5
69.9
70.2
70.2
70.2
71
70.8
70.9
70.7
70.9
71.2
71.3
70.8
71.2
71.7
71.9
72.6
72.3
72.3
72.1
72
71.9
72.6
72.8
73.2
72.1
71.5
70.9
70.4
70.5
70.9
70.2
71
70.2
70.3
69.1
68.8
68.2
68.3
68.2
67.7
67.3
67.5
67.6
67.6
67.2
67
66.3
66.6
66.2
66.4
65.9
66.1
65.5
62.2
62.2
61.4
61.1
61.4
61.1
61.4
61.4
61.8
61.8
61.8
61.8
62.2
61.8
62.2
62.6
62.2
62.6
62.2
62.6
62.6
63
62.6
62.2
61.1
59.5
58.8
56.8
55.7
54.1
51.5
49.2
48.8
47.6
44.9
41.5
37.2
34.6
33
29.2
22.3
17.7
17.3
14
10
6
2
0
0
0
0
0
0
0
0
0.2
4.4
10.1
15.6
20.8
25.1
27.7
28.2
26.8
24.8
22.4
17.1
11.3
6.9
7.5
11.1
15.4
19.9
24.2
27.1
28.5
28.2
25.6
21.7
17.3
12.1
7.5
5.8
2.4
1.2
1.9
6.7
11.8
16.8
21.7
25.9
27.7
28
27.1
24.4
20.2
15.2
9.3
5
2.9
2.4
8.4
13.5
17.8
22.2
26.2
30
29.8
26
21.3
16.2
11.4
6.6
2.6
0
0
0
0
0
0
0
0
0.3
6.4
12.7
19.2
23.8
28.2
34.9
37.5
40.3
45
49.9
51.6
51.2
50.6
49.9
47.8
44.6
41.2
37.8
33.4
28
23.7
18.8
12.9
6.2
2.2
0
0
0
0
0
0
0
